100
1
793 289 688
1
610 760 228
2
90 782 657
2
48 167 316
1
961 209 877
1
90 833 986
0
998 140 717
1
727 41 100
0
402 115 560
2
889 655 466
1
108 359 478
0
424 990 293
1
970 21 494
2
11 964 980
0
725 768 130
1
591 826 246
2
931 82 94
1
615 977 165
0
731 201 459
1
195 520 742
2
18 562 698
2
336 364 29
1
568 548 513
0
225 358 949
0
887 789 919
2
413 601 861
1
527 930 973
2
946 609 562
2
249 451 102
1
39 846 308
2
143 896 825
0
417 936 636
2
812 202 152
0
624 59 137
1
630 591 480
2
995 333 900
1
765 477 630
0
176 823 207
0
839 768 712
2
828 18 240
0
169 292 845
0
100 570 131
1
786 432 170
1
14 985 934
2
784 288 679
2
917 133 841
1
921 520 480
2
115 816 964
1
313 55 345
0
878 880 832
0
868 242 434
0
291 635 273
1
203 151 906
1
672 895 591
0
347 646 76
1
683 504 490
0
316 239 630
1
638 738 334
0
451 636 834
1
241 621 256
1
908 721 535
0
883 602 740
2
263 184 962
0
770 444 8
1
755 843 183
1
744 858 77
0
739 536 763
2
185 324 127
1
207 850 592
2
354 910 934
0
825 46 759
1
911 352 129
2
255 413 638
0
464 764 301
0
837 86 13
1
221 487 72
0
350 688 571
1
979 654 229
1
371 211 312
2
309 368 958
1
581 556 847
1
528 930 316
1
976 528 327
0
23 885 896
2
151 8 975
1
477 179 86
1
945 994 481
1
220 737 918
1
765 500 523
2
829 951 617
2
757 675 151
1
751 569 611
0
289 120 159
2
351 485 996
2
411 691 899
2
558 228 902
2
399 501 370
0
6 511 92
2
37 287 504
1
941 770 397