1000
0
33 544 260
0
540 826 90
2
926 725 482
1
424 489 506
0
725 693 521
0
701 835 189
0
325 633 146
0
226 43 828
1
715 207 831
1
150 267 560
0
702 916 957
0
821 415 200
1
248 638 675
1
182 147 549
1
923 273 394
0
393 878 10
0
277 987 882
2
165 823 39
0
301 259 898
0
339 630 841
1
515 581 79
2
319 671 455
0
473 217 420
1
99 317 113
0
178 582 113
1
464 323 113
2
754 449 708
2
882 221 735
0
139 68 593
1
149 655 187
1
905 159 49
1
438 848 804
2
343 50 761
2
931 867 911
2
479 631 816
1
705 163 546
1
590 367 125
0
224 910 841
1
574 740 448
1
878 485 501
0
254 251 365
1
785 1000 611
2
449 36 143
2
509 343 286
0
340 1000 737
1
194 584 899
2
727 866 128
2
535 289 773
0
184 49 547
0
417 615 348
1
868 747 142
2
591 742 80
1
582 629 979
1
67 627 427
1
681 75 642
0
5 507 717
0
64 196 310
0
783 944 397
0
295 741 768
1
743 733 296
0
61 877 901
1
595 158 607
1
464 160 93
2
966 803 957
2
876 708 916
1
494 561 913
1
238 400 508
1
294 713 960
0
831 163 796
1
11 235 514
1
107 82 642
0
728 777 388
0
297 25 694
0
867 234 215
2
537 976 48
2
878 820 571
1
395 771 415
2
694 599 859
0
57 537 633
2
117 704 998
2
557 127 281
0
306 485 492
0
184 930 659
2
974 686 112
0
994 820 951
0
806 449 721
0
36 382 571
2
441 807 156
0
144 504 952
1
367 468 11
2
162 168 512
1
24 688 165
2
230 129 549
0
864 573 964
1
51 935 969
0
490 845 490
2
257 308 258
2
191 932 259
0
277 1000 354
2
508 859 764
0
500 402 521
2
77 623 397
0
587 275 717
1
347 647 409
1
696 944 569
1
49 680 381
1
637 695 570
1
735 586 314
1
872 547 156
2
207 871 343
1
725 515 44
0
778 715 289
0
419 804 452
1
241 803 347
0
239 97 152
1
763 713 874
1
931 217 842
2
82 585 608
0
273 695 885
2
414 320 49
1
390 231 44
0
342 558 188
0
586 964 486
0
863 676 878
2
626 531 606
1
100 255 577
0
439 977 426
0
98 6 665
2
959 188 525
2
496 386 119
1
965 792 837
0
11 361 139
1
379 408 285
1
140 925 347
0
70 236 204
1
268 382 961
1
867 661 749
0
707 53 194
1
154 613 683
2
229 104 884
2
953 260 304
1
86 830 740
0
835 911 957
1
851 799 589
2
448 714 701
0
22 675 944
2
924 191 444
2
207 224 412
2
855 133 971
1
403 42 634
2
221 182 810
0
670 922 555
2
64 830 689
2
557 301 312
0
295 525 257
2
762 45 382
1
407 44 476
1
210 6 859
2
505 836 390
0
836 857 755
0
569 179 505
2
840 7 47
0
165 182 417
1
961 956 556
2
569 642 645
2
246 641 655
0
602 489 779
0
351 933 790
0
786 376 749
1
856 419 421
0
823 951 761
2
684 353 780
0
228 863 397
1
716 299 861
2
560 142 593
1
213 644 517
2
779 74 705
2
224 862 593
1
627 508 907
1
835 769 198
0
57 127 704
1
422 827 654
2
643 164 757
0
389 801 151
2
620 824 299
2
725 974 666
2
728 240 647
1
610 766 929
1
421 470 359
0
19 915 5
1
280 244 923
2
421 879 959
2
174 954 871
0
670 576 385
2
256 843 999
0
202 494 554
0
339 69 999
2
968 485 469
0
159 721 97
1
573 514 777
2
926 840 906
0
336 955 527
1
947 587 75
1
84 435 925
1
169 393 183
0
852 73 971
1
176 793 475
1
508 851 804
1
128 605 469
1
28 928 331
2
909 935 230
0
923 602 481
2
407 545 208
0
137 250 740
2
93 579 916
1
910 73 536
0
750 749 535
1
638 122 158
2
603 861 184
0
20 315 830
0
745 153 553
2
77 105 805
2
254 755 873
0
986 462 374
0
363 13 885
1
616 921 176
2
601 184 170
2
796 43 866
2
27 83 355
2
195 444 995
1
845 430 760
1
103 986 65
2
827 446 547
2
496 148 445
0
822 462 589
0
667 779 238
1
56 734 919
1
943 96 555
1
536 65 234
0
442 844 688
0
483 314 183
1
829 541 878
1
957 296 795
0
239 414 460
0
633 412 397
1
355 593 168
2
970 179 809
1
182 490 87
1
34 68 136
0
139 860 96
0
230 846 529
0
634 191 85
1
653 714 341
0
92 309 449
1
633 304 639
1
434 906 326
2
359 883 173
1
455 201 92
0
957 11 116
1
565 867 18
0
591 920 790
2
546 129 339
2
398 88 262
0
223 890 22
0
387 771 617
2
765 656 84
2
505 99 211
0
544 801 101
0
281 685 231
2
447 52 29
1
766 594 765
0
95 196 128
2
509 548 603
1
688 66 813
2
281 263 57
2
450 372 748
0
967 166 809
1
770 320 529
0
739 225 975
1
339 678 268
2
565 47 137
2
674 117 169
0
227 936 461
1
881 937 3
0
578 897 779
0
532 635 250
1
126 967 899
0
275 910 912
2
49 452 911
2
945 619 584
0
526 651 448
1
958 746 975
1
42 381 178
2
44 9 978
1
774 862 107
0
554 594 657
2
78 525 244
0
251 248 950
1
961 14 438
2
202 270 829
1
522 219 284
2
141 558 381
2
630 32 890
0
299 647 267
1
74 627 310
1
958 552 906
1
144 866 41
2
765 275 917
2
129 384 395
0
806 39 4
0
969 711 717
0
960 672 405
0
144 112 399
2
466 499 933
1
363 900 435
0
391 407 227
1
330 25 648
0
393 3 962
0
936 785 579
0
745 784 299
2
708 731 483
2
500 927 805
2
412 57 527
1
252 380 508
2
241 702 106
1
6 75 363
1
404 652 265
1
801 930 142
2
556 413 655
2
479 984 203
2
727 905 612
0
590 974 246
0
880 794 108
2
14 680 307
1
634 54 410
2
675 221 935
1
741 634 248
1
9 745 941
1
534 112 924
2
677 717 848
1
978 230 664
2
463 602 721
2
282 354 265
2
811 849 437
0
191 699 373
0
625 273 36
1
579 592 403
2
680 468 480
2
712 992 325
2
710 932 257
2
557 214 701
1
218 111 597
1
352 973 665
0
276 204 442
0
417 432 627
0
922 407 494
0
1000 819 523
1
722 766 94
0
308 896 58
0
39 439 857
2
373 49 814
2
660 347 66
0
70 271 649
1
45 950 207
2
327 902 179
1
408 927 725
1
49 339 408
0
981 764 356
2
11 534 373
1
982 101 361
1
494 724 621
0
806 432 685
0
647 499 627
2
221 329 224
0
585 806 106
2
977 209 407
2
46 881 709
2
856 66 981
1
421 809 738
0
606 138 408
1
79 978 873
0
278 686 826
1
707 133 629
1
999 864 418
0
557 327 499
0
863 647 317
2
363 379 93
2
151 616 692
2
826 590 107
2
967 412 885
2
110 469 497
1
51 990 476
1
962 92 934
2
270 28 143
0
777 878 762
0
590 842 144
2
77 922 494
0
464 731 381
1
739 800 87
1
55 257 142
1
201 936 292
0
387 781 610
1
677 764 851
1
915 763 970
2
22 254 493
0
885 156 862
0
782 512 570
2
204 870 514
2
30 895 834
2
681 508 686
1
902 61 863
1
895 255 486
2
485 383 284
0
39 85 746
2
850 659 540
0
310 458 162
0
738 806 359
1
661 227 976
0
425 251 819
0
637 384 263
1
732 234 857
0
323 374 779
2
677 837 918
1
114 86 118
1
451 82 594
0
295 63 375
2
235 460 779
0
94 290 488
0
815 409 770
0
838 973 463
2
344 404 729
0
518 25 927
1
535 239 410
2
226 110 271
1
985 832 565
0
902 96 429
1
261 584 953
1
981 262 321
2
262 780 362
2
968 759 426
2
536 878 550
2
944 225 449
0
519 154 939
2
732 77 43
2
635 320 330
2
634 456 718
1
416 923 904
2
60 952 397
2
335 450 639
1
755 845 340
2
890 483 40
1
685 720 873
1
681 841 451
0
544 967 721
2
466 331 947
1
957 595 612
2
575 144 228
2
819 45 565
2
661 812 80
1
237 227 48
0
949 212 879
2
991 51 520
2
592 87 157
2
502 941 299
1
545 519 275
2
777 318 820
2
796 359 335
2
504 208 406
1
298 200 345
2
690 770 839
2
241 843 950
2
688 714 630
2
669 497 207
2
787 763 238
1
440 28 285
0
158 906 168
1
456 747 50
0
659 794 144
0
242 331 363
1
986 873 385
0
902 273 952
2
488 37 749
0
177 79 747
1
297 898 250
1
22 311 42
1
134 61 840
0
837 860 140
0
967 248 890
0
217 253 192
1
156 611 761
2
970 898 230
0
261 324 900
0
439 534 730
2
715 894 351
0
233 104 679
2
829 360 34
1
950 710 212
2
81 788 582
1
702 875 409
2
305 555 488
2
211 686 87
2
303 62 369
2
357 748 16
1
508 871 113
2
895 296 444
2
869 881 971
1
821 692 637
0
47 415 459
0
76 25 38
1
488 983 140
1
342 665 697
1
859 237 71
2
392 52 69
2
893 22 620
2
990 571 80
2
859 684 882
0
186 69 422
2
790 404 516
0
268 41 795
1
313 893 824
2
843 723 265
1
768 827 752
0
370 919 831
0
652 84 999
1
50 301 644
2
210 686 777
0
915 790 87
0
670 16 630
2
139 299 947
1
44 168 886
2
655 584 571
2
365 269 833
1
774 375 51
1
73 21 530
1
752 878 271
2
719 157 55
0
478 987 476
2
578 836 288
1
490 368 367
0
742 932 139
1
610 311 596
1
923 821 314
1
665 45 449
0
669 976 407
2
354 944 567
1
254 47 571
1
331 874 744
2
222 758 866
2
634 582 810
1
934 730 563
2
910 147 420
2
180 19 933
0
601 683 53
2
172 716 957
1
468 204 225
2
690 704 611
0
408 581 435
0
62 924 133
2
953 390 12
1
467 524 471
0
743 270 467
0
278 548 349
0
480 811 185
0
855 67 156
0
403 483 940
1
91 499 697
1
217 288 142
2
992 828 797
2
867 787 867
1
424 700 413
0
592 751 374
2
798 525 363
1
828 616 295
1
964 903 435
0
457 895 225
1
852 70 157
0
822 377 16
2
574 618 317
1
181 475 73
0
752 45 343
2
52 795 703
0
220 891 838
0
167 215 482
1
696 895 516
1
517 384 880
1
915 245 955
0
745 23 636
0
146 864 485
2
464 835 771
0
955 918 778
1
120 685 649
0
536 995 628
1
630 599 362
1
62 322 803
1
89 375 825
0
500 409 649
2
596 838 733
1
575 829 397
1
329 39 345
0
765 900 686
0
784 182 937
0
814 833 559
2
745 62 647
0
194 531 953
1
106 127 250
2
362 396 237
0
370 862 573
1
184 836 71
1
178 75 231
0
905 596 84
1
637 183 42
1
832 736 854
0
396 442 746
2
694 326 245
0
777 334 247
1
669 469 997
2
284 378 819
2
820 788 622
1
667 236 765
2
794 986 851
1
234 738 948
1
752 795 54
2
348 932 38
2
285 476 174
0
943 804 55
2
794 748 609
1
226 163 784
0
42 501 121
2
604 290 650
1
6 33 716
0
652 568 987
1
646 532 441
2
605 864 902
2
955 569 586
2
372 634 353
1
522 59 104
0
903 937 772
0
701 426 428
0
993 259 433
1
173 590 338
2
962 764 596
1
617 4 929
2
22 855 460
0
252 274 143
2
228 415 665
0
534 315 542
0
157 423 31
1
569 329 577
2
420 805 861
2
638 465 505
1
17 229 595
1
332 387 631
0
68 485 780
2
486 122 474
2
179 211 648
2
909 388 43
0
404 169 221
0
61 310 853
1
827 151 282
0
525 367 813
2
999 675 436
1
511 225 238
0
337 679 783
0
149 349 175
1
515 84 656
0
647 415 137
2
832 526 322
1
11 768 297
0
119 522 772
1
850 124 68
0
976 98 234
0
218 329 823
0
109 109 198
0
777 47 131
1
256 195 281
0
72 933 583
2
654 875 692
0
673 911 175
1
385 253 891
1
860 725 495
0
169 382 211
2
676 950 532
0
609 323 656
0
268 6 180
0
314 308 924
0
577 422 69
1
421 665 181
2
960 689 876
1
789 57 444
1
118 14 959
2
810 157 871
0
487 454 516
0
981 262 534
1
111 73 922
1
105 439 645
2
805 449 853
0
639 860 344
0
534 661 308
1
776 274 788
1
298 395 554
0
544 952 808
2
375 181 850
2
112 63 78
1
156 879 883
2
520 949 135
0
165 536 611
1
297 757 545
1
411 648 633
0
788 62 476
2
633 744 572
1
158 804 886
0
916 496 966
2
474 775 486
2
970 738 284
0
879 81 850
0
276 444 76
0
223 140 429
1
716 705 641
0
776 128 891
1
364 267 874
0
182 916 504
2
706 825 509
0
55 992 332
1
218 611 790
0
535 643 679
1
361 288 681
1
870 934 55
1
715 162 284
1
74 555 629
2
326 642 130
1
72 882 466
1
167 507 713
0
377 706 977
0
511 419 954
0
577 909 452
2
613 21 736
1
603 503 256
0
17 756 987
2
385 287 862
0
301 46 254
0
452 923 511
1
889 251 773
2
420 593 767
0
850 374 448
0
550 792 129
2
611 42 230
2
730 85 103
2
678 357 761
2
666 496 753
2
396 417 592
1
743 675 724
2
616 83 215
2
236 814 294
2
474 45 802
0
487 455 518
1
190 789 59
2
729 662 789
1
20 141 53
2
626 393 117
2
487 604 125
2
957 770 877
1
424 571 595
0
393 458 164
1
933 764 939
0
894 1 130
2
597 482 460
0
382 250 722
2
229 703 534
1
768 602 689
1
589 87 541
0
375 265 877
0
90 97 225
0
78 483 88
1
48 528 59
2
791 106 11
1
260 432 474
1
465 756 993
2
544 1000 315
2
707 887 487
2
832 851 27
1
820 256 50
2
129 405 778
0
581 390 856
2
743 184 754
2
186 583 819
0
961 815 100
1
538 34 890
1
345 692 489
0
909 465 763
1
210 119 879
2
121 602 146
0
101 848 376
1
908 832 471
0
881 713 891
2
756 241 334
2
198 198 53
2
287 30 913
2
244 409 648
0
643 865 136
0
412 869 263
2
18 837 211
2
165 99 467
1
379 125 875
0
302 577 474
1
494 557 174
2
121 838 558
0
217 533 614
0
576 945 47
2
619 378 903
0
169 762 294
1
868 681 567
0
751 289 802
2
534 833 924
1
121 19 768
0
39 139 167
0
812 423 315
0
748 648 724
1
548 92 32
0
717 79 841
1
982 669 88
0
56 763 446
0
363 890 380
0
792 873 829
1
943 156 522
2
621 681 430
0
73 634 368
1
624 561 418
0
505 773 90
2
662 664 852
0
323 232 255
2
871 752 538
1
203 480 576
1
378 633 666
1
863 913 719
1
802 900 935
1
620 87 875
0
980 227 53
2
191 972 541
0
921 79 767
0
755 186 447
0
303 42 574
0
881 148 871
0
277 8 873
2
344 160 258
2
332 530 875
0
336 237 354
1
508 817 800
1
331 717 669
0
982 795 186
0
749 635 479
2
126 747 662
0
468 362 132
0
636 792 326
2
815 638 224
1
467 202 731
1
39 971 542
1
198 588 537
2
176 182 894
1
948 415 922
2
39 691 111
2
217 544 657
0
117 863 364
0
421 380 89
0
570 828 499
0
673 889 628
1
920 708 14
0
432 325 2
1
800 804 54
1
333 432 693
0
11 89 282
1
131 132 32
1
391 23 820
0
834 840 806
2
450 877 907
2
449 700 457
1
747 568 138
1
813 214 144
1
603 35 863
0
579 95 416
0
506 951 611
2
490 761 434
0
325 741 903
1
800 970 494
0
808 678 520
0
370 774 194
1
319 768 538
1
677 839 179
1
578 697 540
0
288 34 137
0
393 798 827
0
924 704 306
1
245 97 172
0
72 428 952
2
688 755 473
2
530 515 801
1
56 608 295
1
26 141 78
2
695 845 423
1
183 933 962
1
160 231 412
1
958 783 510
1
638 837 442
2
980 184 374
2
904 143 925
1
861 953 626
1
709 882 504
0
715 796 698
1
539 928 190
1
574 386 254
0
337 68 284
2
413 570 805
0
635 353 562
0
209 156 197
0
344 65 437
2
135 343 175
2
537 690 683
2
731 763 226
0
899 841 70
1
688 743 400
0
697 951 406
1
301 299 228
2
695 400 250
2
315 463 688
2
711 127 652
1
323 204 862
2
331 100 493
1
275 849 108
2
204 55 953
0
336 180 114
2
418 693 830
0
497 389 788
1
278 822 798
0
309 752 130
1
964 452 331
1
87 1000 514
0
931 146 932
1
227 254 585
1
58 268 390
2
495 741 264
0
803 109 317
0
2 465 356
2
545 358 998
0
797 464 140
1
473 536 420
2
354 831 882
0
103 562 848
2
28 370 960
1
944 360 713
0
10 129 239
2
730 236 450
1
803 843 672
1
133 462 594
1
101 277 539
1
918 358 458
2
727 939 340
1
20 729 354
1
59 267 729
0
847 960 521
0
957 343 181
2
577 749 10
2
945 451 276
1
710 673 989
0
539 675 123
2
333 169 992
0
76 450 710
1
858 452 273
1
485 570 477
1
682 551 504
0
850 640 959
2
416 432 389
2
776 513 637
0
537 985 420
2
24 319 820
0
313 995 634
0
725 830 662
2
100 817 133
1
517 929 685
2
815 780 204
1
946 253 686
1
791 161 109
2
436 127 517
0
700 415 1
1
75 735 452
2
974 1000 382
2
210 621 437
2
192 608 274
2
264 593 346
1
323 385 808
1
149 556 616
1
230 338 96
1
473 261 990
2
914 990 199
2
47 442 996
1
76 960 34
1
890 1 741
1
847 758 590
1
61 156 747
2
211 732 421
1
325 690 917
1
472 835 50
